use strip and interpereter?
system copy paste or sim?
xyz grid for ref?


shapes
#SPHERE1
000
000
000
0
0
#SPHERE2
000
000
000
0
0
#SPHERE3
000
000
000
0
0
#SPHERE4
000
000
000
0
0
#SPHERE5
000
000
000
0
0

000
000
000
0
0
000
000
000
0
0
000
000
000
0
0
000
000
000
0
0
000
000
000
0
0

#CYLINDERS
000
000
000
0
0
0
0
000
000
000
0
0
0
0
000
000
000
0
0
0
0
000
000
000
0
0
0
0
000
000
000
0
0
0
0
000
000
000
0
0
0
0
000
000
000
0
0
0
0
000
000
000
0
0
0
0
000
000
000
0
0
0
0
000
000
000
0
0
0
0
000
000
000
0
0
0
0
000
000
000
0
0
0
0
000
000
000
0
0
0
0
000
000
000
0
0
0
0
000
000
000
0
0
0
0
000
000
000
0
0
0
0
000
000
000
0
0
0
0
000
000
000
0
0
0
0
000
000
000
0
0
0
0
000
000
000
0
0
0
0

#PLANES
000
003
000
003
003
000
003
000
000
000
000
000
3
000
000
000
000
000
000
000
000
000
000
000
000
0
000
000
000
000
000
000
000
000
000
000
000
000
0
000
000
000
000
000
000
000
000
000
000
000
000
0
000
000
000
000
000
000
000
000
000
000
000
000
0
000
000
000
000
000
000
000
000
000
000
000
000
0
000
000
000
000
000
000
000
000
000
000
000
000
0
000
000
000
000
000
000
000
000
000
000
000
000
0
000
000
000
000
000
000
000
000
000
000
000
000
0
000
000
000
000
000
000
000
000
000
000
000
000
0

#terrain
000
000
001
001
001
001
000
000
000
000
000
000
000
000
000
000
000
000
000
000
000
000
000
000
000
000
000
000
000
000
000
000
000
000
000
000
000
000
000
000
000
000
000
000
000
000
000
000
000
000
000
000
000
000
000
000
000
000
000
000
000
000
000
000
000
000
000
000
000
000
000
000
000
000
000
000
000
000
000
000
000
000
000
000
000
000
000
000
000
000
000
000
000
000
000
000
000
000
000
000
000
000
000
000
000
000
000
000
000
000
000
000
000
000
000
000
000
000
000
000
000
000
000
000
000
000
000
7



































