shapes
000
000
000
0
0
000
000
000
0
0
000
000
000
0
0
000
000
000
0
0
000
000
000
0
0
000
000
000
0
0
000
000
000
0
0
000
000
000
0
0
000
000
000
0
0
000
000
000
0
0
000
000
000
0
0
0
0
000
000
000
0
0
0
0
000
000
000
0
0
0
0
000
000
000
0
0
0
0
000
000
000
0
0
0
0
000
000
000
0
0
0
0
000
000
000
0
0
0
0
000
000
000
0
0
0
0
000
000
000
0
0
0
0
000
000
000
0
0
0
0
000
000
000
0
0
0
0
000
000
000
0
0
0
0
000
000
000
0
0
0
0
000
000
000
0
0
0
0
000
000
000
0
0
0
0
000
000
000
0
0
0
0
000
000
000
0
0
0
0
000
000
000
0
0
0
0
000
000
000
0
0
0
0
000
000
000
0
0
0
0
000
003
000
003
003
000
003
000
000
000
000
000
3
000
000
000
000
000
000
000
000
000
000
000
000
0
000
000
000
000
000
000
000
000
000
000
000
000
0
000
000
000
000
000
000
000
000
000
000
000
000
0
000
000
000
000
000
000
000
000
000
000
000
000
0
000
000
000
000
000
000
000
000
000
000
000
000
0
000
000
000
000
000
000
000
000
000
000
000
000
0
000
000
000
000
000
000
000
000
000
000
000
000
0
000
000
000
000
000
000
000
000
000
000
000
000
0
000
000
000
000
000
000
000
000
000
000
000
000
0
000
000
000
010
000
000
010
000
010
000
000
010
3
0.0
1.0
0.0
0.0
1.0
0.0
1.0
1.0
000
000
000
000
000
000
000
000
000
000
000
000
9
0.0
0.5
0.0
0.0
0.5
0.0
0.5
0.5
000
000
000
000
000
000
000
000
000
000
000
000
9
0.5
1.0
0.5
0.5
1.0
0.5
1.0
1.0
000
000
000
000
000
000
000
000
000
000
000
000
9
0.5
0.5
0.5
0.0
1.0
0.0
1.0
0.5


























































